
Descriptive Statistics
=============================================================================================
       variable         n        mean              sd          min  median        max        
---------------------------------------------------------------------------------------------
1  china_aid_usd2021  2,106 373,050,589.000 1,656,657,086.000   0     0    43,322,819,337.000
2    log_china_aid    2,106      8.889            9.152         0     0          24.492      
3 china_project_count 2,106      5.310            8.194         0     2            86        
4   autocracy_score   1,564      1.371            0.966         0     1            3         
5  political_regime   1,564      1.629            0.966         0     2            3         
6     log_gdp_pc      1,908      9.587            1.135       6.726 9.670        12.069      
7         cpi         1,048     43.032           19.537         8     38           92        
8   extreme_poverty    717       4.773           11.329         0   0.671        78.942      
9        gini          708       0.357            0.071       0.232 0.348        0.630       
---------------------------------------------------------------------------------------------
