
Country-Level Descriptive Statistics
===========================================================================================================
          variable          n        mean               sd          min      median             max        
-----------------------------------------------------------------------------------------------------------
1     china_aid_usd2021    234  373,050,589.000  1,091,894,837.000   0   14,171,182.000  10,953,753,304.000
2  china_aid_usd2021_total 234 3,357,455,302.000 9,827,053,529.000   0   127,540,640.000 98,583,779,738.000
3       log_china_aid      234      11.069             9.226         0       16.467            23.117      
4    log_china_aid_total   234      12.393            10.281         0       18.664            25.314      
5    china_project_count   234       5.310             6.518         0        3.333            33.444      
6      autocracy_score     174       1.372             0.936         0        1.278              3         
7     political_regime     174       1.628             0.936         0        1.722              3         
8        log_gdp_pc        212       9.590             1.135       6.795      9.672            11.801      
9            cpi           179      43.100            19.362       8.833     38.667              90        
10     extreme_poverty     148      10.974            17.425         0        1.652            78.942      
11          gini           147       0.373             0.074       0.248      0.361            0.630       
-----------------------------------------------------------------------------------------------------------
