
Descriptive Statistics
===========================================================================================================
           variable           n        mean              sd            min      median          max        
-----------------------------------------------------------------------------------------------------------
1     family_aid_usd2021    1,345 418,677,609.000 1,676,377,009.000 1,637.798 32,472,000 43,000,523,182.000
2       log_family_aid      1,345     16.875            3.127         7.402     17.296         24.484      
3       project_count       1,345      5.653            6.091           1         4              74        
4         loan_share        1,345      0.348            0.440           0         0              1         
5  development_intent_share 1,345      0.724            0.373           0         1              1         
6      strategic_family     1,345      0.428            0.495           0         0              1         
7         log_gdp_pc        1,273      8.980            0.923         6.726     9.004          11.313      
8            cpi             804      33.805           11.833           8         32             75        
9      extreme_poverty       415       9.176           15.315           0       2.663          78.942      
10           gini            415       0.384            0.072         0.240     0.378          0.558       
-----------------------------------------------------------------------------------------------------------
